0
43
94
38
17
115
57
25
106
80
313
80
17
80
16
135
18
162
197
172
19
14
170
193
104
58
223
49
80
74
30
88
35
260
119
136
275
34
74
39
63
16
180
19
129
154
27
17
376
81
29
32
56
521
32
21
49
32
321
158
41
22
362
57
21
94
16
49
49
48
37
24
28
167
33
129
65
21
102
24
36
64
93
62
20
21
38
24
50
12
166
36
192
116
16
72
60
123
16
62
48
86
65
87
30
49
38
97
23
65
48
71
46
47
71
27
63
329
173
77
46
57
31
426
19
56
33
132
17
120
99
186
66
119
80
41
199
156
52
178
40
16
31
48
20
22
296
128
454
440
179
329
18
18
25
47
119
328
16
28
17
236
80
156
22
84
298
33
18
371
64
20
18
422
73
226
57
34
89
57
46
201
57
72
64
41
97
327
43
23
104
19
292
180
46
595
26
17
270
249
16
67
402
38
315
112
15
17
124
17
73
24
85
18
93
26
482
15
46
26
80
17
61
165
128
321
15
18
23
136
139
71
60
42
24
329
43
107
199
54
98
41
161
23
65
362
24
24
28
80
17
55
48
40
18
193
71
40
101
106
96
240
69
64
257
74
40
89
168
21
97
232
313
136
114
66
16
16
152
24
38
81
22
23
241
109
33
80
46
56
20
80
30
176
33
130
57
69
21
81
188
240
379
145
18
62
150
140
379
97
136
16
47
21
199
17
62
16
17
467
16
129
33
79
49
33
257
169
37
356
59
409
51
142
47
53
81
131
252
97
78
17
91
221
48
20
221
72
72
169
48
70
576
18
39
276
17
31
55
38
51
16
35
32
17
33
197
24
236
55
46
50
132
22
42
40
90
104
24
49
93
26
40
16
16
101
160
51
46
49
148
56
320
55
31
16
119
26
163
25
31
59
201
201
39
37
97
21
119
230
76
403
374
80
33
211
45
18
35
81
52
17
31
22
886
139
167
23
34
217
44
57
37
29
34
98
93
42
405
69
20
36
299
25
97
176
41
31
16
36
40
169
105
275
136
20
109
172
32
24
31
299
129
65
57
24
158
41
17
40
46
66
32
37
193
178
316
162
36
70
73
139
509
16
25
37
30
33
19
14
51
16
25
115
149
32
90
17
133
153
64
37
17
23
75
92
65
32
95
473
69
21
26
95
61
124
161
128
201
32
232
33
41
79
667
33
48
18
373
94
79
528
31
352
72
15
150
77
40
104
21
106
26
505
54
21
128
57
65
766
667
173
72
49
30
30
152
46
209
11
101
25
27
169
35
16
232
58
20
91
151
99
12
25
17
120
40
122
22
53
28
38
62
132
32
96
29
209
345
21
126
137
19
78
119
79
22
47
25
22
16
224
86
48
172
88
24
20
105
42
74
104
35
77
39
74
33
19
25
16
116
128
45
135
259
35
57
22
41
156
93
224
25
30
51
136
66
255
88
307
17
89
21
32
56
35
190
126
125
47
28
326
66
16
129
193
133
48
60
82
413
57
79
81
119
12
81
99
25
289
55
109
34
206
59
24
230
141
747
65
24
31
61
20
29
88
18
205
29
89
143
80
473
45
26
135
305
92
172
378
23
61
292
17
43
89
111
34
16
38
605
113
190
161
324
72
309
24
120
21
125
496
42
18
118
63
56
181
113
95
39
461
103
90
31
290
83
156
20
101
31
46
32
98
176
11
189
24
57
312
46
18
462
169
109
99
25
304
24
68
49
16
33
18
104
287
38
133
39
53
381
22
65
36
155
18
72
249
114
32
366
128
17
85
21
60
49
80
136
58
18
246
64
105
32
97
263
65
168
27
160
208
401
40
24
51
52
26
161
68
94
51
63
44
25
22
140
296
118
37
65
11
208
95
221
32
22
16
76
108
122
47
120
17
40
12
25
49
135
577
185
21
28
96
54
38
183
44
41
79
385
57
27
86
304
448
35
57
149
105
25
59
88
48
103
33
25
31
61
553
25
33
80
136
20
60
82
404
36
30
72
466
57
24
69
49
27
73
52
755
162
147
25
72
57
48
52
129
18
220
17
24
20
55
160
89
13
16
23
53
111
400
32
26
49
57
40
23
79
249
49
116
221
33
160
43
84
119
166
244
57
121
15
44
280
279
64
234
24
122
73
8
20
65
32
122
26
11
345
277
30
16
125
150
94
232
86
257
114
71
95
38
40
291
56
57
106
64
48
19
310
147
22
139
42
263
41
172
31
56
78
145
41
58
498
118
16
137
53
35
72
48
19
37
32
38
228
25
103
250
66
243
50
25
278
65
25
26
40
38
384
26
32
34
24
917
116
322
96
504
69
104
94
33
31
22
33
35
46
153
121
121
79
118
232
57
40
27
105
13
206
67
21
26
110
25
22
59
33
25
309
522
53
214
88
49
47
130
273
276
48
37
156
76
75
67
79
74
443
264
13
106
81
88
126
32
24
232
96
77
33
25
46
13
107
25
224
271
774
58
53
18
37
49
120
26
111
110
24
117
163
312
7
41
40
119
44
58
34
112
41
24
411
242
78
61
106
550
22
295
526
219
72
21
280
355
17
73
307
83
197
83
129
100
114
126
36
392
57
138
276
254
165
42
17
32
181
209
37
55
535
214
57
35
16
112
56
17
44
56
66
69
121
48
305
97
16
54
168
48
196
22
296
238
17
56
95
60
26
173
31
785
224
129
166
58
160
23
25
20
23
82
23
132
416
73
88
18
64
127
30
43
349
553
97
67
84
223
40
145
27
273
50
17
27
87
137
40
153
148
122
145
43
105
427
22
14
118
176
23
187
84
102
44
18
32
18
19
33
63
18
145
412
273
336
30
397
26
58
20
17
28
91
48
81
154
25
31
32
42
395
140
102
156
511
201
473
112
147
24
16
128
185
262
457
25
60
25
51
199
33
95
17
28
333
828
47
69
100
31
43
212
29
45
200
29
35
305
468
160
101
213
47
415
64
17
357
17
60
16
16
116
97
22
107
74
23
585
14
16
89
103
304
102
80
216
30
43
88
246
37
114
20
334
43
167
19
48
97
92
228
29
49
212
61
128
19
107
103
33
79
16
110
32
439
40
199
78
134
64
67
101
147
16
41
49
92
155
33
281
80
32
29
52
81
46
75
271
46
21
169
43
29
519
15
17
57
154
41
273
222
152
160
81
15
227
123
35
32
202
44
41
39
48
152
33
16
141
73
65
60
38
15
129
53
132
15
16
156
21
202
139
441
58
29
504
257
106
41
17
88
15
25
58
107
25
51
122
29
24
86
72
101
33
20
13
74
581
744
643
58
545
17
21
18
48
16
225
68
14
14
28
26
89
82
444
179
67
65
25
291
19
171
134
89
55
52
26
23
23
28
80
38
138
220
17
37
23
17
174
144
152
57
15
64
72
318
149
85
95
83
394
175
201
32
229
77
86
17
156
24
73
20
112
85
17
153
44
21
53
17
46
59
67
165
77
25
65
53
24
310
29
86
57
14
19
27
28
74
23
94
22
208
124
112
136
243
96
32
16
22
119
167
30
24
61
212
39
20
34
104
120
18
58
75
35
17
73
24
71
45
121
26
22
33
42
33
99
24
525
28
23
17
36
273
77
328
349
35
76
31
249
224
115
105
98
15
146
125
349
262
148
91
55
19
657
151
174
47
251
23
363
16
507
42
12
140
121
70
26
28
17
20
56
168
33
170
24
312
41
40
200
390
22
72
552
79
65
32
385
57
98
49
179
27
374
28
538
98
40
157
24
17
18
37
125
17
32
257
29
48
29
17
37
12
42
278
351
22
25
46
454
26
65
16
341
568
27
85
64
1213
95
22
105
49
302
17
255
83
96
96
31
166
225
282
131
217
281
707
274
31
389
65
21
28
65
147
67
18
136
54
23
330
14
201
31
128
280
25
13
36
40
161
103
126
27
134
403
37
34
17
44
28
577
60
52
123
520
50
58
51
467
35
67
108
53
249
32
436
324
37
16
313
205
13
236
28
255
311
187
47
28
54
22
482
80
17
209
101
35
65
19
20
40
25
118
282
45
383
89
365
68
30
15
28
24
41
19
25
44
228
105
29
174
149
20
131
128
48
64
161
16
152
192
66
128
165
135
18
32
28
22
491
16
35
28
47
65
31
80
218
23
48
21
102
105
41
32
101
19
23
73
33
62
50
553
320
533
18
64
17
97
349
80
15
128
47
31
18
16
59
226
38
122
123
54
108
32
72
33
191
318
28
81
14
239
110
26
41
33
113
80
25
145
48
240
22
77
55
192
639
47
162
295
545
42
19
80
24
391
143
203
18
22
138
66
164
498
18
584
30
120
188
150
223
39
18
16
121
39
36
24
377
36
15
30
304
65
12
38
403
53
313
33
48
208
433
16
164
16
201
58
54
24
33
40
21
171
104
161
51
894
29
462
49
38
57
110
89
80
92
65
160
24
115
28
34
39
556
49
150
61
252
61
16
39
34
17
191
370
33
25
64
29
398
32
94
48
103
22
844
32
97
412
201
113
18
33
447
15
26
18
49
16
23
65
128
32
280
64
72
32
133
49
78
38
31
29
123
42
297
167
327
57
43
465
256
88
336
24
326
102
141
208
152
78
153
81
21
121
438
159
40
25
31
119
50
11
327
82
29
380
153
40
18
21
58
203
28
26
197
144
16
17
216
105
187
49
65
155
151
16
69
726
180
25
23
151
93
57
81
161
152
422
22
26
56
386
80
59
25
28
57
33
123
184
22
34
321
70
168
113
496
35
53
51
86
112
224
24
230
65
229
69
31
323
273
22
16
387
138
16
33
33
114
44
685
36
68
129
114
142
144
28
467
165
45
104
16
212
45
200
28
12
41
16
123
55
39
40
155
18
49
65
73
151
64
67
185
39
25
21
17
241
35
57
211
93
87
26
13
77
135
66
350
177
152
73
250
29
99
81
265
216
135
128
137
136
138
90
185
536
17
28
24
233
186
96
241
25
98
21
93
19
54
153
27
43
48
63
43
53
40
402
22
325
112
17
176
17
25
228
55
28
65
120
25
21
26
144
22
103
133
315
32
260
37
36
45
30
137
320
241
139
17
106
67
337
61
90
78
104
217
49
226
30
117
191
79
56
37
288
16
25
66
120
52
25
245
179
20
155
96
172
218
173
76
38
19
17
71
263
93
54
29
27
86
20
40
286
59
58
145
30
39
37
31
23
275
25
121
33
12
217
50
18
16
33
80
41
41
40
150
244
668
44
44
113
47
120
73
17
26
33
20
24
112
48
33
49
66
84
49
190
68
18
40
41
31
24
64
51
35
45
253
64
16
42
140
19
305
36
56
28
128
16
48
17
121
73
90
91
45
134
48
97
18
23
24
41
27
36
31
25
22
38
32
42
181
24
61
57
57
16
125
18
296
28
137
20
272
11
44
313
25
18
53
49
18
232
59
50
33
112
54
161
29
44
85
17
32
40
357
120
73
40
76
120
50
104
86
225
25
18
176
27
33
25
36
351
37
48
17
60
91
40
27
91
56
89
24
15
25
24
16
85
286
26
122
44
17
18
23
17
64
178
313
44
56
18
19
88
40
440
210
83
225
302
96
89
41
73
177
65
28
186
99
17
99
41
17
21
211
30
24
27
49
49
218
24
34
95
25
50
361
183
117
27
17
297
16
57
64
57
22
26
280
97
94
33
107
65
16
108
212
25
143
601
42
29
32
22
24
49
25
41
16
33
33
34
39
41
51
96
17
45
175
16
37
600
14
25
25
102
24
48
40
313
21
32
171
160
20
20
557
38
78
111
35
14
73
48
56
19
28
113
29
54
33
149
29
57
130
15
94
201
175
241
23
33
59
54
116
73
27
120
165
32
28
53
53
286
17
265
17
80
39
24
32
153
216
32
301
107
56
98
33
52
20
162
48
23
20
33
52
146
41
49
169
157
29
251
24
18
25
41
35
60
14
73
111
171
30
39
243
104
17
309
115
208
38
68
32
27
216
36
44
36
321
24
15
242
57
296
16
192
18
19
81
130
32
80
32
21
74
45
98
17
25
123
33
73
33
107
251
436
69
23
156
84
213
17
40
14
93
28
180
27
31
254
136
156
49
200
152
133
10
19
88
79
19
192
93
102
54
43
13
26
32
77
176
63
16
64
39
17
21
17
21
16
17
16
51
14
14
48
17
19
89
90
19
24
16
53
153
24
67
58
47
19
120
216
34
80
86
16
75
270
84
24
103
25
55
304
9
147
47
110
132
63
157
121
232
379
70
18
177
96
23
14
51
323
39
12
276
164
76
16
63
98
36
157
129
62
204
24
241
602
82
129
30
225
45
40
117
120
227
101
98
67
96
40
109
592
104
75
158
24
58
17
57
60
55
78
129
65
49
225
107
82
265
61
89
12
126
43
17
64
200
16
434
18
49
25
183
165
190
24
40
18
59
26
118
33
17
28
16
149
32
23
184
336
68
18
59
39
64
173
137
125
18
24
104
52
225
32
38
528
57
105
377
30
65
81
33
70
123
22
119
24
74
22
297
159
80
26
136
31
510
20
173
64
76
77
16
147
64
425
246
139
100
42
61
16
75
349
225
79
80
329
224
197
16
113
36
92
42
524
15
897
90
42
20
252
57
51
154
45
257
109
15
80
57
17
36
18
212
48
297
273
13
145
21
88
433
81
44
72
145
108
23
240
102
99
134
49
255
97
40
36
35
53
128
51
27
105
18
50
24
57
24
34
326
31
39
20
158
344
123
129
37
25
109
46
97
81
104
12
133
32
99
23
14
43
17
129
527
40
37
72
185
40
24
57
253
259
289
128
35
81
64
234
107
58
87
78
41
110
26
20
71
72
128
304
120
26
30
232
467
22
128
12
88
45
152
107
158
17
81
560
20
376
803
89
19
57
94
50
86
49
16
68
53
12
235
115
47
48
49
57
42
261
48
115
356
207
204
109
109
33
29
24
40
41
32
202
71
589
17
106
30
17
143
46
111
198
17
57
25
62
385
289
229
71
60
96
86
215
40
42
43
50
41
126
29
129
152
41
59
98
45
212
23
29
21
96
49
50
359
41
209
70
144
37
60
25
66
30
403
56
23
192
16
97
19
256
64
32
204
303
47
48
20
16
71
90
30
31
140
47
237
48
70
145
24
78
48
146
79
21
57
120
17
30
138
66
43
121
224
188
20
57
39
624
20
19
33
153
20
81
56
104
64
73
64
67
15
45
103
16
248
19
336
81
73
64
26
22
17
320
27
235
116
112
26
122
193
79
82
74
119
345
96
117
37
189
76
72
260
67
118
72
13
93
30
25
216
252
46
108
57
31
14
40
828
17
97
236
104
113
110
113
38
124
17
29
13
57
25
51
94
36
135
167
19
34
137
24
56
44
78
43
22
123
17
32
40
63
28
298
172
331
56
88
14
249
121
70
50
60
82
257
666
17
120
15
17
110
33
45
290
149
19
160
33
386
23
20
20
56
73
16
719
32
69
56
57
79
25
227
267
209
62
20
132
81
40
19
390
207
50
454
361
353
261
136
33
80
56
94
321
65
33
88
17
11
29
233
171
95
16
87
55
126
72
22
321
62
32
56
96
104
41
36
45
105
178
36
40
99
37
24
62
170
20
25
185
56
169
51
39
120
58
169
80
268
19
280
63
26
117
292
24
20
81
20
14
134
157
25
344
22
41
33
87
24
108
89
16
289
156
810
25
162
241
36
17
21
40
105
164
438
233
160
20
30
33
12
80
35
435
161
230
95
225
128
312
67
144
91
171
20
165
238
57
310
83
28
130
25
273
44
77
43
115
86
145
40
54
69
22
157
125
21
65
103
30
64
17
49
140
47
67
208
242
17
43
113
127
20
66
31
354
25
272
45
29
45
49
337
57
550
37
111
160
329
258
104
44
65
32
109
52
494
112
39
73
221
11
53
180
560
48
120
25
14
18
72
74
268
40
153
27
375
144
65
53
525
25
205
49
152
288
201
57
73
90
87
375
381
214
285
48
31
105
62
447
25
41
145
17
59
82
63
43
23
119
19
119
825
161
28
14
73
23
16
275
248
12
29
263
67
13
37
24
80
89
286
231
57
108
204
449
164
105
88
24
53
81
224
13
55
84
23
136
25
403
55
181
190
57
22
67
23
41
191
88
33
169
261
348
136
280
39
96
24
103
56
123
266
124
67
166
23
76
29
167
80
88
250
149
165
52
98
112
17
33
918
75
238
200
113
16
277
123
644
25
23
49
113
31
18
17
13
125
16
34
86
52
57
324
9
161
32
49
73
25
333
41
520
181
186
84
176
23
46
31
195
73
42
94
47
57
72
163
34
40
28
249
52
81
125
157
62
588
68
106
82
256
41
491
73
318
104
235
57
95
232
130
218
212
54
418
40
235
112
96
57
49
49
61
34
28
167
592
57
38
28
200
51
66
103
303
21
208
242
216
186
28
144
90
24
29
413
17
235
281
49
313
23
54
124
88
28
197
88
114
26
17
38
100
93
25
27
129
240
49
23
83
27
256
112
33
213
57
321
156
33
77
232
135
160
108
19
21
81
24
461
324
202
216
38
252
42
67
32
85
457
40
231
50
49
18
26
22
48
17
18
118
93
78
560
63
24
23
155
17
20
94
54
103
14
16
116
25
96
280
630
38
55
78
88
52
26
96
241
36
33
93
37
393
124
494
616
249
22
128
33
450
100
73
80
223
442
72
312
145
16
56
48
782
433
28
92
57
50
225
59
43
298
49
45
244
64
74
33
40
123
226
128
33
23
20
160
25
64
32
201
28
19
75
40
48
80
25
30
16
362
32
41
57
152
14
279
400
63
201
112
107
56
73
304
24
112
49
93
16
80
37
271
56
132
116
78
60
50
35
110
48
180
17
80
121
80
14
368
67
17
50
48
56
83
72
57
80
48
120
17
318
156
160
23
19
287
120
26
57
74
18
337
28
257
50
38
342
188
78
62
55
45
137
45
167
29
97
24
250
105
12
22
145
50
349
49
209
37
206
61
14
150
255
17
61
97
68
196
24
105
71
20
153
56
95
48
234
39
30
137
172
66
32
346
208
144
113
88
200
148
442
47
273
42
33
62
176
151
294
13
152
20
32
30
122
158
82
377
24
107
21
58
559
237
47
137
23
212
38
290
62
83
40
118
478
85
41
88
38
19
40
95
520
297
101
49
32
26
34
504
240
133
56
25
354
443
214
7
26
297
28
205
25
216
42
574
16
65
40
16
23
88
84
172
19
18
41
36
180
169
305
64
38
96
400
133
594
241
32
243
521
142
67
56
126
210
46
151
22
82
100
24
63
41
91
112
37
15
252
26
16
16
40
257
24
143
369
277
156
156
36
33
99
216
67
218
24
257
65
40
21
132
86
90
64
86
52
33
65
50
263
448
171
11
19
96
19
19
48
72
41
275
27
105
119
19
40
292
38
18
16
67
171
98
16
23
36
16
332
81
1576
61
97
57
42
32
65
18
122
16
129
59
73
35
186
18
35
329
53
27
27
58
21
11
189
133
79
22
19
37
33
41
19
16
107
192
33
39
191
37
17
97
12
116
305
32
231
20
305
60
81
176
66
96
110
247
95
24
557
16
46
17
31
39
103
122
95
37
97
523
54
52
72
99
114
15
57
25
49
64
58
248
72
64
227
20
32
20
88
292
16
214
165
31
27
16
147
50
22
182
162
18
272
80
27
82
24
62
1373
29
324
56
139
19
43
85
381
131
203
23
117
41
141
55
32
88
16
49
38
223
74
25
29
193
264
20
496
63
25
64
99
219
54
562
74
25
106
26
33
353
39
64
44
260
94
24
15
81
128
212
111
33
24
14
125
106
359
87
194
23
43
17
25
175
133
779
421
53
104
19
5
54
124
300
88
384
32
177
33
21
55
107
105
138
149
120
7
25
85
93
31
41
97
19
235
98
253
43
123
82
209
105
278
50
13
225
17
609
416
345
84
172
26
16
14
24
18
17
42
17
23
21
133
20
65
194
35
241
136
391
77
21
426
67
19
110
91
115
79
232
13
37
16
320
34
26
653
59
14
45
31
118
28
54
126
36
36
161
119
125
27
65
15
32
49
57
57
251
576
776
155
43
151
134
37
64
39
115
166
261
133
96
123
20
16
16
54
96
120
64
24
236
129
329
277
28
34
126
97
304
49
270
41
575
124
190
92
1
41
171
319
254
131
18
16
58
27
145
351
81
72
17
54
259
32
16
224
411
182
665
159
598
116
120
24
88
18
45
232
68
27
220
160
122
259
179
17
119
15
41
34
43
142
96
42
53
288
27
20
20
24
50
63
20
659
35
22
40
10
14
17
22
62
81
32
16
52
133
56
16
34
211
80
212
33
22
24
110
64
225
65
29
81
105
112
36
28
20
121
392
501
104
57
37
19
50
249
41
25
37
87
41
280
132
204
27
62
128
16
79
37
184
95
51
27
39
124
84
373
50
145
97
223
30
65
16
103
24
48
57
102
97
123
17
28
42
53
250
72
16
22
22
84
46
58
81
240
7
243
17
41
64
29
22
117
91
88
23
570
29
27
81
32
41
284
61
256
167
25
181
153
32
164
88
275
32
17
233
30
25
33
65
130
16
376
73
243
17
18
62
40
236
119
511
27
49
93
71
90
89
53
55
49
26
38
55
18
20
116
18
118
96
49
36
17
114
168
73
25
304
38
26
87
20
36
45
361
56
65
108
25
35
54
24
25
25
750
203
42
521
176
22
44
493
74
130
84
195
85
130
79
41
18
163
24
49
68
68
156
275
17
196
21
19
43
172
21
21
73
18
32
44
22
57
42
30
200
28
33
54
38
24
379
77
83
147
14
20
29
27
169
82
30
82
40
320
213
299
19
209
178
259
156
19
96
77
88
243
42
78
47
144
153
465
30
19
25
126
60
696
138
113
31
76
81
116
172
280
73
40
393
24
156
20
299
163
39
117
48
76
246
73
177
95
61
207
61
36
203
29
14
49
70
49
90
22
115
20
56
38
125
24
20
169
30
121
123
59
41
83
34
36
135
71
17
26
157
58
466
124
177
88
16
31
22
25
72
30
65
31
310
15
18
161
24
292
24
79
272
228
207
113
20
72
64
31
56
18
269
188
175
17
146
89
40
323
72
185
118
82
93
39
53
17
32
37
72
44
156
201
30
37
160
138
23
32
34
18
101
199
32
76
65
236
200
106
16
25
169
24
122
199
22
200
17
17
113
183
78
281
26
324
232
73
165
66
24
180
481
269
145
60
125
161
75
273
91
36
78
24
17
18
23
210
109
17
130
33
97
53
442
154
235
30
109
136
121
23
40
20
59
47
15
16
34
105
267
20
32
61
52
309
176
189
27
29
297
37
18
157
47
38
433
15
53
97
472
55
32
193
112
76
112
27
76
60
99
433
15
16
96
18
48
76
39
110
189
26
81
139
124
88
88
257
21
103
22
561
209
70
151
65
21
16
160
496
29
156
58
37
96
61
139
19
80
77
183
24
28
45
21
326
65
43
21
467
41
81
273
42
44
52
78
166
186
129
173
122
198
24
24
313
216
57
35
48
35
163
101
128
153
637
19
115
242
42
56
54
376
245
95
20
524
171
219
98
33
16
12
64
18
144
109
19
64
200
26
112
33
71
79
23
249
43
31
63
56
160
85
96
88
256
33
209
92
24
12
18
26
75
25
26
73
14
288
27
16
247
70
157
10
24
168
25
352
57
78
82
113
16
80
58
23
320
91
17
25
36
70
193
25
91
40
237
67
215
214
51
72
60
29
35
25
17
139
45
54
48
88
153
23
48
75
18
27
34
211
24
17
84
101
48
75
32
24
12
16
12
90
34
93
473
24
185
128
17
153
64
81
17
50
101
20
73
83
152
26
89
37
15
209
27
54
61
16
25
21
84
16
67
207
178
120
51
104
57
118
520
70
17
24
126
64
38
86
117
222
25
69
248
186
70
301
57
211
17
70
57
205
105
37
18
200
166
189
48
33
135
156
28
360
27
52
17
59
116
16
49
22
31
29
214
88
160
33
28
192
401
38
30
16
72
29
520
66
15
26
26
395
72
295
10
175
78
154
133
27
42
109
31
413
41
48
57
632
14
121
38
136
80
76
161
89
82
29
136
226
38
153
33
177
117
22
136
92
33
130
25
35
19
360
27
133
51
49
257
230
84
521
54
173
11
249
26
24
39
25
186
33
129
25
12
20
50
22
36
34
126
482
19
109
163
17
18
126
582
84
61
230
22
47
18
113
68
107
151
80
84
21
78
14
32
12
191
175
56
36
36
33
168
64
84
57
121
69
105
32
198
65
297
88
89
68
136
380
179
37
25
115
60
16
28
139
49
305
22
113
98
100
228
86
207
72
167
177
49
88
32
118
280
133
67
38
27
219
88
14
170
18
265
90
76
17
162
92
33
286
27
19
25
74
101
41
284
162
64
87
33
38
153
52
89
144
193
327
60
22
62
106
41
57
47
335
86
32
445
70
41
29
56
64
47
557
188
51
31
27
98
241
88
218
129
37
375
286
110
15
209
17
58
16
347
114
72
16
50
125
352
48
137
361
59
23
57
236
32
121
25
106
105
21
436
40
33
196
74
312
186
144
85
33
62
113
57
27
30
138
88
276
263
157
222
89
50
115
118
156
196
20
64
19
307
31
106
89
47
160
24
40
25
29
21
34
97
123
96
118
139
105
105
146
190
65
57
63
177
382
16
107
19
32
33
24
18
63
596
209
94
48
71
65
140
249
68
193
76
113
136
488
17
79
204
63
40
31
201
18
512
34
77
33
24
77
31
640
57
205
71
104
81
142
164
30
69
176
230
88
14
159
93
141
24
94
51
198
204
34
22
251
64
31
51
87
17
53
32
439
70
177
101
144
121
22
411
94
294
30
121
61
68
344
19
101
44
32
21
20
20
17
228
173
29
88
86
55
73
123
114
78
56
86
50
40
58
22
69
57
159
274
144
16
172
32
232
139
79
13
113
29
226
48
56
48
31
144
154
17
82
55
308
39
30
24
39
25
329
52
57
327
40
267
81
66
115
63
217
370
26
84
98
396
18
129
209
425
40
148
65
248
60
110
110
167
13
20
37
142
137
89
50
264
196
19
83
30
20
103
219
313
375
35
67
77
200
25
197
638
16
77
80
28
15
132
33
30
16
111
159
38
54
178
17
193
593
59
23
55
23
22
20
23
33
47
59
81
351
88
168
76
9
54
40
910
59
65
21
25
39
400
161
25
170
248
41
105
62
172
47
271
294
32
9
111
232
89
281
40
41
120
153
27
60
137
160
16
33
64
23
22
49
51
29
73
188
26
190
97
18
16
391
42
441
196
27
17
59
94
292
57
330
102
244
53
88
82
89
37
93
40
24
15
74
16
58
54
16
94
88
36
162
19
89
129
86
57
24
198
472
167
19
17
111
29
161
25
107
144
50
151
37
66
73
57
16
33
25
27
30
70
137
84
31
24
128
48
9
24
64
70
299
113
232
39
103
70
576
275
204
168
79
35
148
181
21
116
372
23
41
16
26
60
33
113
323
28
146
41
84
39
208
25
149
187
97
21
25
73
97
36
50
56
187
53
46
23
62
136
438
46
105
20
337
169
249
188
39
69
72
195
25
49
239
141
14
87
80
44
577
23
105
64
35
93
34
106
77
169
57
26
32
25
86
33
76
46
16
113
568
153
16
97
222
0
1367
373
488
978
1315
1812
533
1053
561
1309
764
127
292
1150
625
1289
314
413
524
1119
844
336
1976
1809
205
209
1701
1038
51
547
446
295
295
977
362
259
75
427
1943
984
1626
1022
485
824
2389
739
413
755
2079
256
1220
1939
619
408
294
272
326
889
1043
790
1443
313
1460
357
2196
287
205
1451
476
165
294
248
672
324
442
1284
485
132
253
558
1398
900
727
553
506
819
341
1895
539
533
372
1137
2011
407
393
138
417
62
179
2639
1086
339
359
244
570
706
534
1939
47
424
1682
826
225
662
729
381
1024
2352
597
650
2023
2038
542
310
1951
626
1791
393
653
549
537
850
339
660
292
450
360
557
1034
436
800
1571
263
850
75
942
1028
276
260
414
1146
24
345
531
1064
113
730
1791
63
554
1652
982
897
1072
316
439
252
108
471
1012
1624
166
1255
400
560
1818
286
348
753
977
364
204
690
1120
623
339
859
544
794
1165
1244
746
397
1545
1301
747
542
1311
633
686
1630
1309
439
263
974
76
66
170
562
174
414
42
598
120
40
72
739
403
184
16
857
853
1649
112
1742
164
94
100
701
262
68
664
65
1404
78
762
1153
294
501
270
216
87
669
1642
475
740
357
283
1202
207
1031
362
61
470
447
990
521
494
32
69
162
61
200
6
218
304
136
45
436
1289
98
1116
853
1067
17
35
1069
308
525
453
741
490
58
153
702
438
57
225
833
951
337
796
139
287
344
771
56
250
136
361
584
847
896
287
349
181
416
280
343
24
317
333
420
18
525
615
688
1128
226
89
286
115
1259
707
108
1014
709
311
196
209
831
199
724
159
283
56
731
179
105
348
560
207
64
90
194
371
890
157
95
396
12
415
378
139
567
338
460
651
626
336
425
1327
91
85
336
841
421
507
63
800
176
180
1128
699
638
899
604
741
610
803
1313
710
398
57
994
752
417
162
124
69
90
532
242
345
263
390
17
82
54
217
382
522
112
225
158
239
329
559
273
350
303
608
183
328
237
272
693
190
206
536
65
398
247
117
165
363
249
504
252
409
17
777
959
261
328
499
115
507
55
40
497
131
255
156
1054
437
440
344
381
670
878
487
331
817
347
216
801
138
769
1052
419
602
243
624
298
520
634
513
799
556
579
944
925
368
974
816
715
98
795
1003
356
142
783
569
22
203
322
786
1207
131
26
190
273
301
394
18
538
444
317
593
931
360
266
458
348
278
756
409
761
244
158
222
79
432
47
354
322
360
142
122
368
299
227
234
438
526
853
991
369
47
395
494
166
440
384
108
493
741
42
304
936
209
737
149
772
402
83
662
683
318
1061
431
191
566
425
157
462
521
696
254
108
496
458
173
639
94
510
169
145
861
446
450
387
820
79
609
187
146
263
482
125
470
1054
1072
645
280
793
597
316
141
204
444
220
163
103
428
422
437
30
104
115
852
1280
347
318
264
192
1761
170
216
168
397
163
910
429
718
524
211
375
381
235
129
192
371
239
358
554
58
356
562
291
438
381
52
287
184
271
1235
400
601
284
395
15
200
77
160
178
209
1226
39
715
1357
526
484
482
648
828
536
196
212
457
302
45
586
258
596
744
405
423
576
1232
214
235
209
740
729
259
673
966
163
1362
99
451
228
120
829
51
14
214
32
305
485
1001
686
89
711
196
325
114
542
259
101
572
961
645
110
606
827
404
185
623
166
118
665
294
195
73
72
137
106
39
366
16
25
110
200
670
172
817
373
454
559
184
852
50
379
54
205
22
223
148
36
446
31
81
870
676
193
104
197
406
118
627
592
21
780
50
880
241
174
317
28
538
509
96
401
627
147
953
52
415
344
229
204
338
101
56
429
373
319
56
297
358
539
154
526
601
72
298
252
472
574
292
960
421
200
428
164
260
375
402
185
258
310
67
392
83
157
254
446
125
775
532
192
482
280
766
819
207
345
74
571
175
78
462
231
662
91
121
434
215
532
57
112
152
380
375
478
68
412
517
425
516
251
242
99
295
168
66
469
239
527
474
62
64
656
146
88
181
412
344
84
75
44
261
935
80
203
376
33
436
101
57
33
481
158
312
76
390
107
58
165
756
201
441
56
35
62
345
201
703
386
260
191
245
197
21
203
191
519
22
122
341
267
886
77
90
101
308
329
412
554
423
740
24
250
266
229
283
164
167
458
22
57
639
268
267
206
823
299
131
97
300
277
238
140
270
37
65
279
267
109
236
475
270
533
591
26
67
178
387
145
328
549
271
227
50
155
553
207
119
707
178
396
73
171
254
364
466
354
230
470
550
202
156
270
223
292
282
76
496
181
238
170
580
492
854
218
889
144
408
247
313
853
112
15
57
599
209
376
593
174
86
79
298
167
49
283
63
504
408
115
134
132
69
181
362
98
588
87
31
28
609
653
47
490
199
307
973
330
885
287
329
56
524
242
255
11
36
260
152
92
276
47
81
551
232
353
179
495
109
307
140
90
639
136
11
205
74
109
682
14
66
40
103
22
121
681
260
221
283
76
22
299
208
38
147
149
215
125
143
109
93
159
977
199
341
160
477
318
561
268
209
294
441
157
597
684
211
287
86
40
298
197
96
155
579
508
65
720
252
11
62
421
278
258
324
229
367
158
160
140
503
271
404
270
213
357
303
311
228
406
64
398
190
23
233
235
95
352
5
280
50
555
829
226
219
530
143
303
271
553
353
96
76
646
629
195
220
569
142
85
83
77
308
171
64
58
138
40
118
134
116
29
248
61
402
109
451
150
164
133
308
178
44
242
218
146
199
216
229
63
70
580
608
238
293
359
634
67
780
200
361
95
18
36
221
112
16
4
97
164
409
134
79
132
367
34
44
284
77
91
63
107
195
101
111
252
186
158
161
307
68
84
718
333
267
69
97
44
135
185
404
211
190
135
40
20
120
26
36
72
277
208
162
130
120
260
275
48
41
404
23
107
42
84
38
102
10
309
428
328
134
85
146
268
72
29
120
391
35
117
86
211
287
367
370
348
136
351
321
493
241
122
127
146
205
81
27
304
912
328
68
123
180
274
64
182
524
294
128
94
101
9
172
297
95
50
229
39
79
347
18
12
162
336
170
106
166
242
45
343
232
132
361
218
119
187
267
25
103
120
69
14
150
240
529
139
220
141
109
46
355
529
16
277
116
122
564
21
26
40
184
318
129
496
170
17
146
206
567
158
13
152
20
150
150
78
216
11
135
225
350
151
93
167
146
128
226
171
102
284
18
216
74
57
122
179
213
139
262
131
260
247
134
212
18
180
301
244
252
280
578
32
114
36
256
60
232
346
150
183
238
201
135
97
84
57
178
35
192
54
230
483
43
187
105
104
19
196
107
204
238
53
70
18
181
171
144
62
194
23
240
424
104
214
293
184
192
86
105
199
27
281
59
135
311
69
73
68
154
473
175
73
295
133
328
159
200
14
179
108
178
109
115
35
284
199
180
236
140
190
42
217
79
66
235
45
166
412
107
226
519
339
104
329
48
99
337
641
159
113
174
65
257
17
99
257
127
145
57
85
35
66
75
85
61
30
81
121
188
66
100
73
166
138
259
643
31
111
267
179
226
113
68
55
109
97
198
148
20
189
154
20
513
124
114
150
184
110
222
137
29
70
86
116
196
10
59
252
50
339
60
85
81
101
78
19
31
73
132
11
12
53
165
87
71
162
113
40
187
5
247
1
6
192
298
94
94
115
75
43
62
68
44
51
31
33
115
21
20
93
32
52
39
68
87
54
177
113
99
263
284
243
98
40
134
165
180
123
130
109
191
171
125
228
270
144
7
155
99
106
79
126
148
99
285
36
126
269
231
156
50
97
224
127
387
69
46
182
144
145
42
62
34
46
222
49
39
276
39
143
58
113
23
21
133
67
92
223
64
154
24
139
52
219
47
152
68
157
42
65
31
52
72
190
3
89
210
261
28
143
121
120
232
42
323
134
57
243
101
211
14
53
170
78
154
129
91
62
95
104
208
161
54
199
68
11
50
106
198
117
210
102
184
34
175
198
72
66
28
6
2
15
144
50
16
52
118
111
172
71
48
100
41
28
106
216
271
53
177
18
74
250
168
44
88
85
65
170
57
128
41
55
35
99
46
171
28
128
106
81
205
57
148
68
106
181
139
86
12
115
87
127
85
83
108
477
11
228
178
112
27
61
340
95
112
233
70
90
10
533
60
62
385
262
92
105
57
77
217
117
44
121
26
11
165
90
152
120
52
279
133
60
200
45
71
263
30
118
225
84
320
179
163
39
33
281
180
22
139
51
138
504
36
167
178
148
137
32
106
117
281
234
116
41
94
6
109
92
92
112
11
45
47
51
70
47
93
10
73
30
13
65
28
53
14
370
14
139
177
84
96
63
245
39
145
27
285
110
147
109
25
58
101
24
66
244
36
266
30
123
149
151
72
45
102
56
41
67
90
127
27
53
60
119
152
69
4
148
102
279
205
138
24
100
232
14
80
171
11
44
80
200
232
53
63
186
133
48
45
22
282
136
76
22
112
12
111
23
29
49
69
24
36
73
40
126
20
102
44
111
116
29
24
15
28
172
32
122
39
73
256
19
91
66
59
41
39
49
13
63
21
17
32
35
168
12
72
48
27
11
8
70
19
79
36
114
12
57
147
34
124
35
157
115
23
61
92
32
19
1
85
25
36
23
30
171
164
22
9
36
123
4
139
87
16
68
13
219
24
94
179
237
97
206
87
93
46
57
5
47
38
15
223
74
110
12
30
35
104
7
41
60
24
200
57
47
135
47
231
254
53
65
23
54
29
127
49
88
162
209
7
7
48
178
36
69
41
24
75
102
63
146
23
215
64
57
67
12
29
84
92
57
164
58
88
156
64
29
76
50
74
55
65
24
39
127
80
65
29
92
55
8
137
49
259
90
163
28
71
34
83
41
14
101
143
55
18
28
26
65
7
13
8
120
17
33
33
57
44
63
50
18
60
19
67
28
101
48
11
81
17
68
97
125
36
21
36
13
92
62
127
11
32
30
25
73
116
20
97
127
19
15
67
51
112
128
260
46
28
41
39
48
6
71
102
28
37
205
198
11
7
53
141
151
174
60
92
18
144
34
173
60
69
3
59
23
53
158
37
49
29
58
73
84
35
128
129
28
70
13
15
42
37
84
41
35
32
72
82
111
40
53
61
43
17
23
30
20
6
29
50
31
46
10
21
206
100
29
17
122
11
22
38
176
64
4
94
64
50
39
28
41
259
18
4
60
36
42
190
50
212
76
31
40
233
24
9
55
153
68
129
27
37
102
24
91
95
135
90
77
89
6
41
47
17
34
28
71
61
108
8
74
39
10
86
82
6
57
61
30
52
380
77
166
57
149
54
4
36
77
58
107
7
31
25
124
62
26
20
180
48
71
33
14
110
21
39
22
11
14
19
64
58
94
73
70
42
115
49
164
17
52
13
74
58
92
43
38
53
3
66
19
101
65
45
33
159
117
22
45
32
13
40
44
199
26
9
55
27
35
21
40
38
54
25
9
40
6
223
4
36
36
23
21
21
15
34
5
117
43
51
49
7
66
14
45
22
10
13
74
22
134
108
36
51
48
14
36
57
74
22
9
32
30
77
91
46
121
65
18
80
32
23
123
161
33
88
4
12
117
126
65
85
34
24
16
27
4
32
22
17
14
17
83
14
87
152
18
33
78
125
23
30
54
71
12
19
76
18
93
10
122
95
30
19
62
2
15
40
95
12
23
17
30
15
26
23
30
42
60
16
39
6
49
88
34
35
137
39
12
20
25
19
37
65
72
19
48
26
14
21
59
13
68
20
31
6
50
28
14
171
29
35
33
14
86
74
34
33
88
51
38
26
27
13
33
27
43
33
36
19
14
92
61
3
97
41
19
14
7
34
22
19
68
33
67
87
40
71
55
26
43
64
15
17
44
34
10
54
18
22
54
24
27
18
38
18
68
67
59
12
31
56
29
47
34
2
10
23
88
29
35
17
34
1
6
7
46
151
21
19
15
57
62
16
63
1
35
16
39
31
29
4
114
34
3
49
82
5
78
9
28
22
26
30
41
35
14
15
2
2
58
0
8
49
58
25
7
11
16
60
2
41
15
30
29
27
21
10
60
30
41
48
35
36
40
33
14
10
13
9
61
43
27
30
53
46
32
40
9
28
30
214
18
30
39
105
56
6
37
40
97
2
13
19
59
21
7
4
54
32
10
27
75
39
23
32
32
12
7
35
4
11
53
26
12
40
58
61
3
41
29
132
71
83
16
65
28
60
14
75
18
2
15
5
100
21
13
114
66
8
6
6
32
61
48
6
11
25
16
9
12
12
24
15
10
12
41
12
4
7
3
25
21
44
21
40
23
12
46
47
27
71
46
24
27
17
2
61
15
25
24
60
53
72
16
7
13
61
4
17
18
4
41
20
13
7
9
7
10
8
9
71
26
38
14
2
39
36
38
11
36
18
24
18
49
40
35
24
9
19
6
14
15
35
7
23
34
54
7
41
65
5
15
17
12
98
21
78
29
11
61
23
56
67
34
41
45
49
8
7
15
29
36
78
41
51
14
19
12
6
8
15
5
18
2
4
8
28
16
22
15
12
7
18
7
35
20
28
33
71
28
36
13
10
40
24
20
20
41
30
12
16
65
93
36
6
9
18
11
25
20
65
55
4
3
28
12
9
27
11
92
34
25
17
11
123
33
30
7
10
9
39
15
12
25
9
2
14
13
17
19
14
25
9
37
7
25
28
27
75
39
25
12
22
38
3
37
36
62
13
17
31
34
93
5
26
5
1
9
14
16
7
41
35
13
23
18
6
47
29
31
1
29
16
21
10
17
14
45
41
1
8
1
8
4
6
60
17
50
18
24
50
25
14
9
7
12
14
9
14
27
31
19
3
34
6
7
13
2
15
43
23
14
43
19
12
32
12
4
15
20
45
6
16
13
13
48
14
28
29
11
31
1
28
5
3
16
17
13
22
24
6
30
18
16
7
19
30
20
4
1
15
17
40
2
17
9
34
11
31
20
24
20
11
15
9
6
4
23
6
12
13
40
39
29
11
12
12
16
3
8
23
15
17
10
1
12
0
15
33
9
6
8
4
3
10
7
3
22
4
2
13
6
6
4
11
26
6
8
11
30
11
16
27
13
2
3
4
12
10
8
31
10
23
3
23
9
9
21
4
6
19
3
6
6
24
3
19
8
13
7
19
14
20
24
2
14
2
19
19
6
8
52
1
21
2
3
6
4
11
18
11
5
13
39
10
22
1
8
12
11
9
5
20
3
16
4
13
8
2
4
22
15
20
10
11
3
3
17
10
1
22
4
4
11
26
3
24
2
7
3
9
3
12
16
18
8
14
1
32
2
9
0
20
20
16
1
7
3
17
9
7
4
19
10
1
13
6
12
10
8
23
10
1
13
2
2
5
1
1
8
13
18
1
6
32
11
3
4
7
22
17
13
4
3
8
20
1
15
24
3
7
4
3
6
4
16
11
2
17
19
14
4
5
6
9
8
4
6
13
23
11
7
8
9
1
2
8
6
3
11
8
10
7
12
26
1
4
1
5
1
2
4
3
14
3
11
17
6
15
4
3
10
7
9
8
4
2
7
2
3
2
7
4
14
5
2
6
7
6
2
5
4
5
10
9
6
7
5
2
1
4
4
7
2
6
4
9
2
10
7
1
13
7
11
1
10
11
6
8
2
5
4
14
10
7
17
1
2
1
2
1
8
5
2
2
15
12
1
3
2
10
8
1
6
2
13
2
1
3
1
6
1
4
3
8
12
2
20
8
5
1
1
1
3
0
0
1
10
2
1
1
3
9
8
4
3
0
5
0
3
3
1
8
6
2
1
2
8
5
5
3
3
3
10
3
2
1
1
2
1
7
1
2
2
1
2
5
15
6
2
0
1
1
1
3
5
2
2
6
13
0
6
1
2
3
3
6
2
0
3
4
6
3
1
3
1
1
2
1
1
4
5
2
7
6
1
1
5
4
1
1
1
1
5
3
1
3
4
2
2
5
1
1
3
0
1
1
1
3
4
3
6
3
1
2
0
1
2
1
2
1
1
2
2
4
2
2
0
2
0
1
1
2
4
1
2
4
1
2
3
1
1
2
2
1
0
0
1
1
3
5
2
3
2
2
1
3
1
1
1
0
1
3
1
2
1
0
2
1
0
1
1
1
0
1
1
1
2
1
1
2
2
3
1
2
1
1
0
2
0
1
1
2
2
0
2
1
1
1
1
1
0
1
3
1
0
1
1
0
1
1
1
1
1
1
1
0
0
1
1
1
1
1
1
